150016441
898315851
700382287
559326663
502459405
170924431
483080566
488245316
878963399
1660236888
1125279215
1144899708
1008870805
1371993882
40224077
1145402350
1131364776
183793529
970452457
1138391953
1677279174
1652177791
401683630
1048338369
1659318899
852478236
533809699
1582853653
1586297438
961878316
1150384251
733905045
576061319
1189924900
282827922
1672318274
1388103735
886132976
1605925725
1604543286
1505760053
1619921759
1692585071
805289635
939576497
1156882440
905295398
1307057022
666362655
1681659993
476293411
1532965962
325187379
1230342148
1381015552
1518099161
1691395122
1488235210
1604637218
850755222
1332979788
1564407509
1431339401
1339505038
184344916
1659563809
1431928718
408903517
237493464
501465282
696862141
1183920511
488237611
1083020978
1257607940
511913241
665293
1027074209
524881161
1024990327
1689649480
1471733985
996284115
1047036241
1621899652
770401018
1598272773
398097333
1454214401
286988595
826001970
1324042657
455267247
1561364014
502841976
819478481
1545181465
1155815379
500782818
23992017
1558027539
983165894
403251669
937719783
1131184228
1521854043
234735632
1602474914
318918182
1658147500
404633720
122327817
372659881
1186942612
767069322
705065948
1349375450
1055766895
331510895
1698046002
682795770
470602870
1575399612
645391611
374086676
1353028222
1208786246
777158763
874607388
210944655
658571973
1112869354
999330145
1142211302
1505248300
1250652365
1473183090
921220693
383793849
483930555
696868185
1393072705
7263764
452526396
463756646
434589961
1036505359
680872788
1499899340
468543533
876996425
128089288
69235999
258875781
544089568
1189991333
934477731
988169509
521038089
1057972766
794490382
969228736
322398019
1325003732
369515592
617934474
1518370294
1285516984
339870185
1325871859
1294056584
512499235
935420889
1427296189
834452586
785327665
144901038
1420433795
285082807
1491164809
451588214
1450588152
667743042
1277733855
666829119
494970753
736810302
1317730759
842046278
1469505798
946045148
794269569
263155821
1189444183
1218009374
957293019
465181269
1218914669
1376482172
1095071446
229821247
726706804
1416459788
1479895190
1052415250
1340359442
1408623280
1411077752
508346541
878039737
1209280648
1270885348
302379062
1453080710
1414517383
1095443864
1425781805
1480451434
1411631432
810068900
494065519
168467883
754486007
363708975
123003025
1405413787
1454400307
565622870
1319761091
1460729714
375498799
1381409443
1118003903
598752507
636093380
526493682
1441164865
1232410097
276051492
1420727029
806661510
1260596750
989288320
356109256
1452111594
729371342
1330994823
175902645
341538969
1021549161
1444274027
925121013
1164702361
1248608546
838038005
300990071
1167816844
1289476797
1397189593
624876652
291046230
1457621985
1405857592
416204496
360328264
197648379
1094069913
1464314057
1216962206
1037158356
1336448246
1283488588
1178680414
1260157639
1280621531
1141969298
685338794
837248847
1453966309
77665621
654362896
1364263315
1404389099
1316783398
1472234125
1455688457
1195614386
1396841493
1252981906
1418930082
1485456415
893016283
1443864897
1370217756
1319280639
1176291080
421374723
1143116127
846068910
1151629715
590433009
1440550913
1459794481
1269028506
1461809302
1027261665
1352558563
1363068694
1069879797
1040106398
1290565162
1494352165
1408981530
1470291357
1402533144
1466569257
1437562220
436855498
1432626064
1334052664
1156204822
1058208018
1151466108
437613853
1223431980
1472586945
676167859
511813822
691184885
1209709285
1479792742
1415704820
317500351
881907958
1270719975
1436134069
771821586
1312310319
753464696
728257345
664961456
741802465
794417609
466549738
1400662082
468872575
356006387
1378296556
823776271
421910217
831819075
366457046
551220175
310025844
1449173928
429577051
617761437
1096079407
187382143
1373373725
768302902
1469645071
485781436
1416294416
1480059261
970028389
461783634
476184276
844727661
386191418
936103767
1474430974
395506598
1472296482
956577547
1375610680
1116686591
1388243467
779408171
1199719646
1372322575
1159636301
475515559
1370684280
685456379
802011348
1035507151
569504008
1306517862
1082737999
503253900
905052790
725342307
532608929
1404335567
1351900287
1293476553
1481596464
1399333288
502415807
419402774
1314592665
527715200
1047229735
1116347973
298083128
1028426470
415850470
1226431368
416044300
533008997
192711163
1025953930
289342322
116891117
868166102
404014916
1306970853
1351069307
406872680
285386054
1205206104
460397267
942114988
934444336
140170916
558554675
444615450
1031303176
995475063
151612943
505247195
371328711
1095188867
1090614075
1348847204
1180784570
1013471661
502370436
307232362
1131218101
654815720
1139513397
1223360765
679656213
472641419
707197433
554546294
614601477
917966747
340832965
790121087
1273073649
517506549
1342209968
1337856429
1341410409
790215574
1377640773
745958881
1176104419
1168115283
1302938091
1221764638
919494543
276667580
467519935
888528425
485555129
504910657
1154684634
833195950
1199845614
441701926
801257568
411063592
999803668
531322367
790404901
1219665017
1260113579
718373210
1206983416
1218339213
943348652
1231161673
1232960257
127497549
686416937
1231632386
1316175921
159897403
1325457621
1115856470
583966798
1318866878
1388147967
481634973
1220725023
565758543
853839660
1105284859
273954517
645243736
1272258229
476958260
861063441
825952918
134721058
884840513
827206993
658817578
981144868
1293013182
1187048818
1164759877
895996172
791174842
731931025
690702667
354766760
416602068
1013733337
1077732014
879957340
998349328
514231830
452759173
795049188
242174238
1357262010
1181140589
324581893
426725719
938933553
1319386172
1019363361
346089417
1047442490
933720339
1326013409
241126742
1298109269
795914395
911848431
1301895490
1138481658
1199875245
493567636
1159094206
112954678
836150754
1390042760
417140842
354253642
809672800
1299891723
616500792
561880403
884635782
1347650979
1007961438
973185260
542218518
1306822075
1198823778
1026496532
924324608
732441555
503835360
1191237893
823536014
1388683411
383486503
1286526400
936686275
1332655975
758781850
1081603527
1233254316
331129092
802067800
1130397640
884026370
192616714
828815265
1092654011
461277421
480031083
825759668
1314979511
1121177160
353029052
1196054820
1193856281
370167770
1371865601
655802740
843733130
869630891
842229777
1112286904
951578965
410403121
853539925
508408823
90156070
818345121
609483460
1149403696
444218966
828604149
1365144473
485062615
936390317
690889157
1319392480
1010675546
1377516048
1153111373
524318192
538582506
1281348282
841126127
960900208
1189523102
746260712
357733088
463386787
1348350113
928908462
551810247
814076978
274088597
460970103
598673785
421925901
476217107
343010419
1116893555
1320553689
1362568330
653560189
1391161205
287754216
469131646
1220598805
280953298
861019190
544303086
1318012373
1313256376
1251887173
930619071
924673442
786965678
768842796
694312513
1371740660
295910390
975172879
836917734
393494628
1264263011
437565300
691764432
470656050
1360900752
891044840
1161992110
418581411
1320338372
1111791480
576218268
1338792209
1174345025
1220769165
358511611
1112886143
95871362
283410216
1360019081
530120838
753518904
1124632706
738711371
1018855942
479519699
1003472686
1305734171
1092149741
994938786
1272583353
1240919625
1337852407
493381158
627851540
569772313
1118922929
1354961084
338523021
126200920
840215637
334163292
70176650
892149726
589304282
433326952
1331979232
544023337
574900238
635583976
421792293
994652931
474312211
1245084068
196050816
289695177
735806628
898501158
50225138
251753946
547098824
664289540
846760651
587085347
875305180
254773430
400709349
203554527
342054902
1280704139
1226024096
229289013
1267709197
625625880
271621056
968646636
1020785299
562343909
1138125483
805702837
834410616
205141091
714796152
1139136484
1233372296
700051849
724160592
681580957
665937391
1384785255
1139825058
1236101278
659716809
1365909730
683242980
720017963
1393280438
1245520257
507210276
494423063
333907553
278101219
1266841646
760816015
1363262267
1223914205
551929301
793742908
391316305
447574631
1255302527
47624705
959879928
1246274131
698087694
1041901937
1361741904
502292106
882354188
615267601
1149482483
656325961
770663422
552173294
1181699227
852278327
379828908
1160156755
241071302
835871471
572831849
1327425160
867607548
1254529232
1347571343
860518068
368041838
134756787
1243586893
1192908754
525403261
895218623
1157084693
642336532
1395742401
241504823
848543533
965974445
1147072842
847708920
1227391386
340532818
860430422
760888954
553423208
326251885
1094732347
383344642
977975815
1355615423
867615593
1257631269
1382773117
512458736
505381651
710529273
1113375177
963259801
452095752
918936155
287810247
698308318
712163452
421657634
699701094
527702389
1114184565
388183784
922491584
422923703
708242888
974927505
972977862
398855382
906088907
755420784
1218444990
1298248126
834681789
1123428687
1194922664
728372938
714587388
844660900
1341227980
1259994284
926991090
1288485493
274536713
663263777
415928085
491496972
521011132
582248822
1303958006
762019857
854893358
431570438
750442243
755236718
465343401
414877948
400832690
798893830
509700760
720290694
1274914835
1031170971
498448286
1163172671
612201511
1286260452
1332715344
875353270
1373151279
1370612135
651723944
856047149
1239527526
480199243
863416090
1007293608
472499076
569968668
969202334
736797750
506201445
1108423714
744125444
370205603
626713982
417314667
870246428
710198671
1334869939
1272075745
945821958
481639787
378951704
351463978
1366682694
850508763
1121376702
587212261
794937278
393317661
606377030
881835496
679459281
1374854292
733385613
1357207067
820609921
1362006911
676790511
218732326
735017686
826635426
609325136
567049639
1244633905
756703519
604806970
609943630
483613237
464401812
452543468
364189084
1129144087
405168258
983431627
915681850
210908783
269728250
544471496
567246317
1182377266
864379563
834598406
465800873
994010248
390716015
541862982
593507390
867547759
1026653084
479552135
466444048
764888939
844892723
325180537
145373215
823744942
621173509
1270836049
1068575327
455530158
1060096631
447390357
859224331
577252808
589887427
576233756
559451391
1104251910
585504503
1261227418
473510461
445279215
1023183632
735926607
623703657
464956280
409921490
421554942
908088666
492892250
666964050
646459488
666213705
672763896
982534594
960899194
205888117
875919800
