150016441
1340661135
454316216
488245316
909117236
766680526
658571973
469972741
733828292
1219420777
1373733528
815633483
1363919384
311593204
868178948
922739847
640538143
751946567
819478481
149660143
219147580
1391799035
475611999
1026929918
1307057022
1277465982
502841976
840135796
377203310
586445202
1652177791
597740907
1255119020
888127314
1379331415
1221641839
324581893
1435159470
962931359
1313197645
1080815872
918936155
1250652365
863229566
988052501
1412877951
1117941899
1249744158
1271750682
377125099
7338789
1246670700
511484562
1023255825
888734166
1277803367
1365983140
502186157
1131184228
1144899708
1028363964
1438918011
1473031637
213244019
1224673791
923540349
1059827850
1003459554
458023094
501275786
850755222
1283594890
295878992
1297327823
836917734
721826423
108614801
1388103735
1629563066
1097196643
1289980094
302090802
1272813251
1240558079
1013471661
696862141
1632199168
533251174
355137892
512861544
1315916314
1061734663
711209823
1286078198
1336448246
720763643
309982962
715409563
1135491669
98970083
908549387
654989334
980453085
1040941900
476217107
1358304945
1076559155
1693152882
1086147668
506927371
1602474914
242625683
1040359317
996667044
587587734
813072563
793039089
537566180
370167770
213981338
393954570
829055737
1138339428
93610732
1277290469
341538969
500831780
1087371217
1323042262
1173007887
1112869354
500782818
503253900
693897489
461556719
1374945370
1186916882
319873139
970411169
632523562
779811845
1274597819
1186229357
1473183090
915230111
921220693
516363099
491606469
241412774
1025847792
696868185
1249365486
128089288
643734684
487565965
771561130
302015313
1387894088
985824561
680872788
1218009374
268383001
1500475477
605392752
1110644079
1256560067
1186942612
1255449014
746717633
351323729
196050816
610409279
159203898
671030545
782150376
97408258
463756646
592613404
598752507
838436561
988169509
3715412
1189924900
1354262546
669986118
767800081
1324959148
485781436
317500351
1563952247
1057972766
627289459
1439530964
1285516984
681453641
1408038317
1468298743
1429719652
1360019081
234735632
442892240
813334549
1218623057
1413483149
547498095
1500047142
112954678
1267588658
562446237
1258384036
996538107
1240632233
653560189
1233768999
1569274835
1352813167
1470621543
375113566
1354701114
80727508
1229411540
338650764
420952593
1410090524
1514631923
542814420
1154684634
1417267082
961152101
1531485328
723394755
336802543
472171227
669561457
1554953549
1420213563
1370522874
1161774119
646510161
169779730
1057423886
335610043
1447179446
667743042
1114468769
1153223496
661973061
1278437994
238085817
287810247
1407654889
1401405834
563985857
736810302
878134068
740544981
1094221923
1053639693
234709119
1477559778
1274122907
1475351800
369572174
742818090
1005491666
263155821
1421717973
1196834100
1411375509
691285273
947755221
1375610680
1043998774
843461451
674880166
1160156755
1052415250
151612943
1095071446
1260113579
1024604596
691184885
340832965
140456576
1374854292
1139484042
555444608
816848038
1339219310
398058915
192412725
1052636247
1218914669
242732381
445370118
210111739
776794609
1376482172
680486051
989288320
475681221
926520414
833635642
575703865
1004231160
298083128
502415807
1029309992
1155815379
1414919777
1206983416
707632807
260570239
1454866567
481634973
453710387
1205409773
576422890
477897475
1370659682
1414884873
339870185
1386399647
743543399
1370424172
653706723
1144219143
1161985805
1005962398
1205055319
1018656997
1378582819
380138885
1420299141
80365895
1225680589
902517138
1120490182
395506598
1135266759
995158972
1495929667
893016283
1453966309
396697787
1199719646
1367692842
205141091
1371466154
978867991
1267421607
662895533
430541756
376465103
598033490
1127355469
1143116127
1161543591
363708975
1360878959
1181443714
1283488588
119317445
1294037311
925056410
1000346466
1000576142
1266502877
325476981
1118003903
558818096
1167816844
1416512234
538526117
1219491383
1340359442
1279553092
324498050
526493682
678222970
1041785197
1086275625
1356770333
989749236
878230330
353327461
403005995
320168233
806661510
589433480
1316467883
1458617166
387916597
786835124
1135709912
1419058390
868774663
737948184
1493630142
399887251
1473409463
402676400
865710926
725697279
1023237904
1334834668
777148283
448588312
925121013
1176517351
534610623
371445693
497066856
1018855942
578546521
1112316590
488237611
303364382
568115682
300990071
718619076
744558436
1461619778
1312645043
1397189593
1157839302
887464116
317131398
1492253992
1484203585
894773157
705968666
1360614399
265945317
426013453
483024312
524356357
1382413832
1371865601
360328264
494065519
1288418269
1151629715
524211327
1032362046
905052467
669937002
189512797
299127902
1158283283
1475915749
1083591726
765127679
685338794
279290978
1353480453
1345254149
91475389
393494628
819973358
891256370
444592369
376380778
1085679697
973724107
332620459
1018704277
302378205
417030765
1260157639
1337501071
375369448
286988595
422792849
1367302397
612495316
1306517862
459196633
1123417273
441421890
321947582
615366612
1280621531
753868618
444940867
431745372
670843114
841407401
798893830
585698653
576664883
925293538
703042791
1136140786
766379430
266951694
725188908
592257881
398998755
871834085
333027966
544084113
835995550
656791807
1075356908
1147357638
813685244
142616044
1324108847
1357262010
379678259
1350650823
1424176472
353029052
801988811
1353355728
836150754
845894725
917966747
979252477
1277306690
1404389099
837161741
451718879
256904162
461783634
1262169651
791721734
1306198178
208056682
1184259947
1270070665
548265403
617761437
1430797764
1302345550
1337529960
1263839113
1097710253
650108277
570733904
1020071316
1242847216
859911548
709684350
361885843
402913843
569772313
1376360067
1359210511
886700477
1467538176
1396169153
1496516321
313092884
1299868065
168467883
558475565
883701074
1347524588
960606021
993714779
877223930
590433009
653836102
409159658
1470429246
1215873630
534401081
1494358881
1430740369
1392230599
1242902862
879762655
1289476797
718373210
848543533
438619235
1487914388
762396865
813721409
807272202
1393611274
1082737999
1039386948
857976118
648152929
455771419
430848241
365234404
730890947
1499386025
795914395
717083165
763029861
976550755
897735116
316191994
562989056
474297101
485271999
712202654
691199140
421374723
1324143066
720887248
1083036911
1309218036
1361214281
498387091
1330399958
1406541440
1156204822
134751419
1407648290
517588038
437088685
304302314
1112286904
1387412075
594721863
1318520228
481624257
1151466108
1399078940
1288203856
1242414082
676167859
1468659668
571054746
810472348
1135162498
1343566003
672352339
289342322
813645815
1220769466
1258048571
1026496532
1060641988
1218339213
1092654011
1342536905
1253196060
413196427
616125424
419402774
701992731
764286969
493369437
971826330
284444218
334578595
278400607
371720884
1143380103
1270719975
1258873546
342645847
640307601
1160391698
835046534
1351479305
359849918
1364205881
1154230130
951919709
861513948
418465149
558256062
904658176
1396611158
178757407
914692207
802011348
344480944
638480089
911848431
1061763054
206482670
807037438
518632455
1247534152
828604149
1179980217
951068134
716007416
195147951
562245373
475662595
782974562
1207263219
1149403696
753464696
378080848
400775385
794417609
815552273
333940442
1119966236
988803951
413004492
171018433
1471870874
452759173
870087848
660740088
833274257
878879370
1211155699
1172997329
406231008
556859811
1217181475
950751529
622293048
1116686591
873526678
1331530396
1499692551
209925474
441701926
772279844
1486913265
1268075083
823776271
556542979
567972760
1474125988
1365144473
788866480
728046322
1314804231
1402259328
418899827
270334140
1220725023
1476513387
1385817281
882636401
432653222
1355176011
831819075
1267629118
708016572
1164279005
410651787
1272583353
996386165
646379567
382273589
827206993
1141969298
729744875
1131218101
709063337
849197972
1256780374
1487127017
898501158
454249481
936103767
1100014243
1212185882
1146135263
1172579206
530120838
306622635
384595788
1231691681
376282599
487077650
386073214
1058159838
1287843124
1478607357
1281265991
337813360
901879695
1388243467
40145887
1124400710
1044122072
1375940236
1078348901
1330197705
1496132448
841470758
1314044472
351026498
1026017229
705344209
541100397
816172227
800500616
455155651
322228037
409589444
596343055
1398655521
534677140
726498313
1226573569
1133056303
493567636
1332950873
966577437
591112780
958076056
995475063
47779758
1391647999
998269988
801348728
1404335567
143444241
1071776373
1006091131
1399333288
149233648
717121714
349286399
450669962
981144868
976344487
1470874042
714796152
1353945105
1340461721
545621523
446591868
505935725
265220268
415850470
1027776521
1066677900
499453115
1129158274
1321114167
1395873958
513471677
774546643
680884226
664961456
200129260
560121748
806374565
791154674
383486503
1300404789
726119686
444615450
1013733337
652326337
1119034820
204666447
588934558
1107295597
1102615998
809987069
1111791480
505247195
1230477987
616500792
287754216
1090614075
1348847204
883823663
466342829
852705565
858071180
795049188
875725682
827908185
677818609
1150660260
1030130774
425368598
1285355976
1260164743
884635782
1256221218
874609163
745621250
349028413
375498799
1229574948
745958881
1396004221
1041411685
114091252
646603165
555845426
849459532
894907536
1267650261
1372184467
614601477
554548238
505094930
472477169
909984220
335349312
537606858
486305649
724611496
1104007433
990899028
404014916
761868514
1305417165
322488036
1150238174
954234573
701610464
524318192
346247503
212388475
645243736
618001986
1219031588
632660639
1055335605
1036505359
704756995
401107587
291202543
690397735
1178398697
773672672
1312622816
421925901
1223360765
1376381639
198224829
512937790
783090772
1219665017
488665406
764124743
1221764638
1370831577
1252574369
714660876
206841815
274003131
974121851
1194278154
963889899
642977060
571337362
1335171755
459363497
762340152
851398973
400709349
833195950
662566828
349000886
1199845614
372608363
344386321
109245458
1347603687
625515448
1289225949
467925555
1389079854
1394085176
412858304
1067937759
560203628
1350199291
1121177160
676790511
1357667630
1231161673
1150915194
983583493
260324945
465343401
1231632386
942843182
1250550582
1101522329
99838996
627851540
1019935220
1134118290
746133328
1318866878
785841592
1170215012
1340110059
474052125
1049926300
457816209
1344955201
330625959
1372892928
249131128
298627899
182303827
1102759334
1077732014
448493272
1362817194
1107426983
972977862
197007016
913574240
323419311
477224478
825952918
134721058
1286480488
1346641612
1105284859
884840513
1363282648
959035171
652389788
465739169
823536014
999208237
1083020978
677882733
691764432
542218518
369437785
827221626
1069862481
402299417
1371621318
394088741
657056850
1228354045
1276719529
1372769411
983884237
393546790
1350520375
514231830
812911389
489634674
753115514
813464456
1368351525
1019363361
517408963
1313839985
716532933
404765996
680879082
339839010
625620059
458722365
658817578
989045574
1165870258
1091479220
344856963
1199875245
829711464
1325003732
994652931
1161357225
1369490921
931203223
1306822075
1341141988
1007961438
453868983
572831849
1141131529
1147498396
53653334
536041390
437565300
301435338
765310338
303890370
1020986847
485062615
676050778
480031083
246178262
1108423714
1209709285
1025953930
622514975
948752473
642078026
1015992580
371132985
508346541
493381158
159897403
1323487867
270096040
859031707
794490382
323770901
855983954
809672800
850159356
988121449
195750435
279733780
994477727
474312211
1362327257
858013238
1328929173
845296994
583966798
700013224
1121006488
1195711469
786547456
842229777
650247231
861063441
306291169
998840862
637373089
1359990564
609483460
522436657
845406344
853539925
1349663845
841126127
448915219
280953298
746260712
810064351
735097756
814076978
971706583
1393362371
50225138
274088597
1362568330
1043323690
674386559
852278327
1319280639
1094069913
690889157
544303086
502868333
569765043
501923196
727032427
1386157324
202778339
295910390
467519935
1233254316
794274628
548729181
388197586
1249309172
867607548
1343400266
618797535
1133355936
625293871
802471733
985623583
472535283
473220408
140170916
276051492
1293102147
890010120
469131646
385523285
287580713
331862151
843353952
1078375997
1178129499
975172879
735806628
206570173
507704357
475514785
1306614678
1220769165
1307991728
1226024096
1189444183
655276139
1325871859
946003967
960192238
625678461
809209948
192616714
1214981022
1265733576
1139825058
735017686
329501513
461051032
1355372739
544628390
1077597175
1092149741
255604323
564967954
277172354
1317509190
552173294
581184171
523502100
723166452
749635790
572526878
390716015
741802465
271621056
1077881138
1369246454
1365909730
930017801
786965678
768842796
669722392
589304282
567246317
551929301
485403720
